                 13
                  3                 35                 86                  5
                 92                 30                 86                 99
                  4                 36                 66                 41
                 27                 40                 21                 20
                  5                 98                  7                 10
                 10                 44                 40                 47
                 27                 37                 54                 61
                 72                 13                 10                 30
                 19                 27                 96                 54
                 94                 88                 29                 45
                  7                 96                 21                 98
                 77                 46                 35                  8
                  3                 59                 94                 61
                  7                 23                 87                 17
                 28                 35                  7                 40
                 62                 27                  9                 53
                 51                 13                 53                  2
                 74                 26                 43                 10
                 80                 92                 27                 10
                 81                 89                  9                 79
                 24                100                  1                 87
                 74                 83                 84                 21
                 70                 60                 45                 55
                 96                 48                 37                 43
                 12                  1                 45                 82
                 30                 79                 76                  3
                  1                 72                 49                 42
                 68                 97                 59                 98
                 29                 57                 25                 33
                100                 79                  1                 55
                 76                 58                 24                 64
                 10                 56                 86                 43
                 36                 82                 31                 21
                 57                 39                 52                 75
                 71                  9                  6                 95
                 47                 43                  1                  4
                 71                 80                  7                 86
                 16                 26                 89                 46
                 19                 39                 46                 18
                 92                  4                  4                  4
                 52                 92                 59                 35
                 53                 16                 60                 94
                 99                 34                 69                 25
                 85                 97                 50                 68
                  1                 80                 68                 10
                 67                  1                  7                 34
                 71                 77                 11                 19
                 10                 24                 53                 13
                 50                 43                 47                  2
                 56                 42                 16                 88
                 23                 26                 79                 14
                  1                 34                 69                  4
                 34                 45                 29                 59
                 82                 25                 13                 31
                 29                 16                 89                 36
                 54                 78                 84                 92
                 49                 99                 51                  1
                 85                 99                 92                 43
                  1                 26                 69                 40
                 45                 97                 65                 74
                 77                 87                 25                 49
                 39                  4                 87                 17
                 72                 58                 62                 15
                  1                 88                 21                 98
                 69                 41                 40                 73
                 54                 41                  5                 20
                 95                  4                 56                 81
                 40                 86                 29                 12
                  5                 54                 14                 97
                 87                 19                 73                 45
                 37                 46                 97                 20
                 49                  4                 83                 76
                 61                 49                 85                 42
                  1                 89                 37                 46
                 15                 46                 66                  7
                  5                 32                 76                 74
                 18                  4                 38                 34
                 48                 81                 65                 10
                  9                 46                 62                 53
                 13                 93                 45                 90
                 20                 78                 50                 65
                 73                 41                 37                 56
                 47                 85                 93                 50
                 62                 72                 24                 99
                 44                 89                 88                 36
                  9                 39                 52                 48
                 99                 76                 99                  9
                 67                 42                 98                 48
                 34                 30                 79                 24
                 90                 82                 64                 94
                 38                 80                 96                 45
                 15                 97                 97                 44
                 53                  5                 78                 86
                 36                 46                 54                 25
                 76                 15                 96                 52
                 93                 85                 78                 26
                 37                 71                  5                 93
                 88                 75                 94                 59
                 43                 48                 99                 79
                 63                 20                 55                 11
                 52                 42                  1                 43
                 41                 77                 14                 32
                 76                  8                 53                 32
                 70                  3                 56                 38
                 34                 95                 30                 58
                 71                 64                 70                 53
                 98                 27                 13                 37
                 46                 65                 50                 80
                 64                 82                 49                  2
                 36                 10                 15                 59
                 20                 76                 63                 61
                 38                 51                 81                 65
                  3                 48                 84                 80
                 87                 17                 13                 45
                 78                 80                 99                 84
                 29                 81                 94                 38
                 61                 13                 38                 47
                 81                 86                 59                 64
                 14                 71                  1                 45
                 36                 25                 41                 23
                 22                 40                  8                 98
                 85                 50                 14                 68
                 61                 95                 27                 77
                 51                  9                 20                 86
                 35                 14                 22                 85
                 46                 87                 10                 66
                 20                 14                 67                 17
                 43                 68                 73                 44
                 68                 20                 87                 12
                 54                 76                 97                 84
                 32                 46                 25                 60
                 40                 93                 61                  6
                 19                 91                 82                 81
                 55                 24                 20                 44
                 39                 42                 20                 15
                 70                 56                 46                 98
                 51                 79                 77                 94
                 58                 63                 31                 10
                 10                 67                 24                 99
                 13                 50                  1                 53
                 76                  6                 50                 11
                 37                 94                 76                 25
                 40                 89                 15                 36
                 59                 90                 76                 39
                 27                 58                 14                 25
                 62                 58                 19                 62
                 77                 43                 32                 50
                 68                 92                 60                 96
                 23                 33                 40                 73
                 12                 83                 39                 61
                 37                  9                  4                 38
                 20                 13                 17                 96
                 70                 10                 24                  7
                 20                 32                 23                 14
                 32                 98                  8                  6
                 72                  8                 88                 13
                 42                 25                 81                 58
                 79                 13                 62                 83
                 65                 76                 43                 16
                 20                 26                 65                  8
                 92                 88                 33                  6
                 32                  6                 75                 47
                 46                 46                 37                 46
                 63                 71                 83                 53
                 15                 36                 33                 57
                 11                 72                  9                 87
                 15                 20                 12                 77
                 70                 33                 62                 49
                 97                 43                 14                 12
                 54                 20                 72                  4
                100                  2                 92                 67
                 55                 10                 12                 15
                 52                 26                 79                 95
                  8                 21                 56                 50
                 78                 92                 33                 54
                 27                 40                 13                 71
                 44                 32                 50                 66
                 27                  5                 31                 74
                 26                 37                 21                  2
                 54                 63                 29                 78
                 73                 77                  5                  6
                  1                 68                 71                 51
                 90                 10                 19                 20
                 27                 87                 13                 67
                 93                 66                 17                 12
                 79                 48                 59                 33
                 35                100                 81                 90
                 34                 35                100                 68
                 89                 88                 99                 79
                 27                 42                 58                 41
                 71                 65                 65                 72
                 27                 10                 25                 96
                 56                 55                 32                 64
                  6                  7                 31                 63
                 67                 89                 94                 69
                 38                 91                 77                 69
                 70                 30                 54                 44
                 10                 58                 53                 73
                 53                  3                 93                 95
                 80                 22                 88                 17
                 29                 16                 85                 54
                 12                 65                 81                 30
                 56                 37                 51                  7
                 47                 77                 20                 63
                 77                 21                 59                 20
                 35                  5                 66                 33
                 40                 19                 67                 92
                 13                  6                 33                 56
                 69                 79                 20                 70
                 57                 59                 11                 55
                 46                 43                 29                 49
                 32                 54                 67                 62
                 67                  2                 21                 85
                 15                 47                 92                  6
                 13                 87                 87                 49
                 82                 95                 34                 34
                 76                 38                 92                 53
                 87                 76                 11                 81
                 14                  2                 23                  4
                 54                 97                 75                 84
                  6                 86                 51                 19
                  4                 95                 92                100
                 19                100                 67                 36
                 99                 69                 78                 33
                 69                  6                 64                 28
                 73                 55                 75                  7
                  6                 80                 79                 25
                 93                 36                 72                 84
                 70                  7                 12                 64
                 88                 62                 86                 79
                 63                 43                  1                 73
                 67                 58                 46                 25
                 55                 20                 92                 92
                 55                 30                100                 87
                 89                 47                 50                  5
                 66                 59                 66                  5
                  7                 58                 15                 65
                 80                 44                 26                 56
                 80                 40                 75                 31
                 26                 62                 79                 14
                 33                 57                 72                 20
                 27                  8                 31                 72
                  3                 98                 60                  5
                 40                 79                 28                 71
                  1                 58                 28                 94
                 38                 54                 51                 90
                 69                 21                 53                 87
                 74                 22                 87                 85
                 93                 14                 83                 88
                 55                 93                 85
